 490
 513
 650
 603
 695
 720
 528
 522
 660
 728
 2287
 1438
 251
 212
 697
 428
 453
 635
 355
 362
 587
 362
 329
 418
 446
 440
 428
 472
 307
 345
 1186
 516
 476
 356
 415
 945
 1408
 335
 1380
 2068
 2211
 681
 534
 834
 576
 803
 575
 1622
 346
 299
 156
 153
 995
 2383
 1274
 856
 744
 407
 1186
 466
 562
 282
 295
 261
 353
 206
 773
 344
 1009
 1192
 404
 2472
 2359
 619
 1730
 355
 2369
 2219
 782
 1948
 1664
 514
 1379
 1324
 841
 431
 89
 104
 1433
 249
 337
 80
 263
 164
 730
 1145
 587
 344
 2206
 2494
 2005
 1839
 1906
 128
 2193
 2180
 2126
 2139
 1222
 2357
 1547
 1746
 1980
 2338
 1936
 2057
 2464
 912
 960
 1336
 2343
 990
 248
 568
 487
 436
 380
 453
 526
 619
 515
 1336
 475
 467
 405
 1931
 2059
 2324
 693
 2410
 842
 698
 1483
 1670
 713
 540
 901
 579
 644
 419
 480
 407
 480
 369
 441
 519
 528
 435
 564
 542
 515
 426
 590
 417
 429
 1651
 649
 1170
 1512
 2077
 2023
 1875
 1015
 1859
 1487
 1191
 1107
 1272
 1439
 1434
 907
 1179
 2018
 1169
 1949
 1061
 2016
 2012
 1988
 1626
 1018
 1062
 1615
 1099
 782
 877
 923
 807
 834
 866
 817
 806
 953
 975
 947
 2024
 2463
 1943
 2305
